216
Box 5.64622 5.64622 5.64622
2 3.678034594 2.433883534 4.357363575
2 4.533621988 1.16147845 3.813106628
2 2.608721124 3.295398024 3.673707014
2 4.957316336 4.635258436 1.890009961
2 4.064096774 3.816963198 4.250223195
2 1.465196597 1.801071696 5.345923032
2 0.8780777722 2.70974137 0.2531212902
2 0.8188079325 5.1426129 3.085734701
2 4.519238696 1.949831306 0.7151359281
2 0.2691013335 1.728670818 4.448155977
2 3.570497576 1.908018929 0.3008964903
2 2.439719886 1.626360315 2.146693304
2 4.904462739 3.338280977 1.640604374
2 1.701054567 1.70733147 4.008916823
2 1.692663816 4.120216845 3.939103536
2 2.513143506 2.731148705 2.128690447
2 0.1173557334 5.020243135 3.924481275
2 4.986795818 4.539799722 3.984953605
2 4.726653503 5.564882327 5.629147698
2 0.9885938358 4.990050672 0.3434779448
2 2.473561261 3.944303696 1.400548819
2 5.551076687 2.447372106 5.004698174
2 3.455028206 3.078851626 0.6621801711
2 1.147854613 1.154532621 2.934322414
2 3.699638524 3.187684356 2.231569108
2 3.559402418 4.377608721 3.648427494
2 4.953606893 1.051230396 5.32811949
2 1.121663106 2.982783527 4.41193744
2 1.54203485 5.607748156 3.85384487
2 3.490493731 1.986017763 2.98567022
2 2.093178411 2.730442123 0.9416334682
2 0.3523878895 2.188478696 1.623619192
2 4.482170757 0.4926372928 0.6568228897
2 4.107237409 4.293514105 0.8141416945
2 2.78868618 0.713670461 1.276028672
2 0.03021423333 1.776686437 0.5250762681
2 2.450387101 0.9518270027 0.08715852017
2 5.419286332 0.0558800422 4.340911561
2 1.31053032 5.173392663 5.109896475
2 0.7844981159 0.879738182 5.173478213
2 2.666062623 3.644614251 4.658868476
2 1.187255538 1.049439555 0.3959182911
2 3.390053607 0.1984330224 5.243929029
2 2.636581149 5.470614652 1.248536474
2 3.268760999 3.931712073 0.8815770156
2 2.849669718 1.391585965 0.698224525
2 4.640169107 5.61513093 2.377833149
2 5.403747182 1.565193074 1.324983039
2 4.68761114 0.6460037952 1.531044931
2 1.903992009 3.337812967 4.321527544
2 2.191548384 3.254045808 5.330729173
2 3.196705731 1.429720945 1.703343248
2 2.361369541 1.738401625 5.368238674
2 0.6072299731 4.279140231 0.6074485003
2 3.656357065 2.27815343 1.064816779
2 1.793050626 4.231656053 4.839472243
2 3.064972932 5.060418481 4.949377744
2 4.024636631 5.459235775 0.504370152
2 4.493926268 4.18908496 4.998166884
2 4.280530187 1.655223535 5.564867886
2 4.158675896 4.664731276 2.19525247
2 0.687945862 3.413928487 1.45602395
2 0.1847960975 4.392382185 4.517592216
2 1.087269284 0.1690979691 0.05277978712
2 2.051117194 1.097347372 1.54847862
2 3.493353378 3.401202298 3.794196068
2 5.1826175 1.950507029 2.289848991
2 2.929560444 3.10937552 2.80792212
2 2.64071614 4.135969781 3.968971505
2 2.474981508 5.446420042 2.671239791
2 5.13973097 2.310096853 0.1840252816
2 0.3746813553 2.328450651 3.153366093
2 4.186297211 1.801198149 2.643521342
2 0.7440573403 2.323009761 4.064511676
2 5.153714883 3.705862359 4.369257501
2 2.334280814 3.694045757 2.176308414
2 2.835149123 0.5388771899 2.083700817
2 4.635827597 0.4854641818 4.42825294
2 2.361602065 2.036715977 1.35350356
2 2.326477299 3.504079501 0.6448829402
2 5.636801077 5.360011193 2.944185503
2 5.44340577 0.2980705066 5.23054331
2 0.5003075677 0.6216361174 2.722467956
2 0.6166866332 0.1983276603 3.747080795
2 1.223984373 0.8801960243 2.108851092
2 1.534596172 1.883336767 2.045928931
2 5.519746105 5.35890513 1.824598955
2 0.5474517227 1.672925707 2.394056718
2 2.42071879 1.545169432 3.589673648
2 4.173072773 2.591820624 0.2362883507
2 0.09331029778 3.152990294 3.70617546
2 1.615300768 4.096985863 1.375924733
2 2.541867504 0.2447450069 5.26280993
2 5.109797104 0.9448193908 2.564195032
2 2.012652173 0.3926990767 0.6821657453
2 0.4880717784 5.430055696 4.717825001
2 5.039187597 2.861822798 3.053150773
2 4.357708173 3.656060304 0.3281891621
2 3.419987432 5.336347703 2.28268913
2 1.062189753 0.4702760191 1.075100706
2 0.8531044679 1.42768879 1.2959621
2 1.369295603 1.888282033 3.154957595
2 4.941774696 5.383271154 3.671472158
2 4.507513157 2.351724248 4.842256733
2 0.7622088173 4.546239548 1.585904466
2 0.04495016878 1.553153328 5.296562409
2 3.210343992 3.475816334 5.565804807
2 3.903787503 0.9066231524 2.292107383
2 1.5055027 0.2124098539 3.051871445
2 4.074728568 4.75888519 4.227567269
2 3.303734754 2.434377659 2.141930122
2 2.109871744 5.221105754 4.542987847
2 4.591924956 4.085240707 1.404069999
2 0.9264758643 3.770390992 4.191552378
2 1.755858939 2.838137206 2.563441355
2 3.663201897 4.417865038 5.607452835
2 2.623438151 4.333597253 5.446871531
2 5.299258508 0.6419877662 3.580950708
2 0.4583791135 4.509811096 2.572885502
2 4.066301286 1.364535351 4.592531596
2 0.8302347491 2.629798181 2.258741342
2 0.2597336894 0.7973171193 4.521540783
2 3.86111167 3.145099923 4.857783361
2 3.838697286 2.742052125 3.088934585
2 4.061692651 3.22238254 1.232121263
2 3.147159633 0.4321987251 4.398071207
2 5.229017485 0.1882576553 0.6617262184
2 5.124141346 5.026872882 4.863704836
2 5.523595469 2.862217866 1.942332111
2 3.004481733 1.684446429 4.453772459
2 1.801310938 1.578335682 0.5836274068
2 4.499481599 5.264237978 1.44906972
2 3.059396585 1.303282467 2.75977762
2 0.3070757074 3.139951955 4.707855302
2 0.01911574211 4.216763195 3.522829614
2 1.752126292 2.280257577 4.639254396
2 2.699965222 2.744499191 4.585940554
2 3.451944957 2.25285114 5.152930919
2 0.1574140389 0.7008541028 1.747774555
2 1.706854882 2.438469086 0.1354897213
2 4.330511343 0.6345875182 3.214346787
2 1.237356921 3.787721778 2.270331458
2 5.014644437 4.629519592 2.800172356
2 1.217221097 3.464456123 5.250599915
2 0.8583093215 5.479531818 2.201837489
2 0.4425545005 5.321231602 0.9417001923
2 1.054017042 4.09742125 3.248886523
2 0.8628836262 4.492934075 5.253806818
2 1.526228528 5.100700093 1.023577448
2 3.094632734 5.131003415 3.867853191
2 3.152059662 2.463220428 3.729772145
2 2.921127298 4.464803418 3.039010208
2 2.472196842 2.170207159 2.734123813
2 4.942236913 3.170197547 5.21822973
2 4.340764275 1.710671832 1.66930836
2 2.063659175 2.617254732 3.587329696
2 5.330887844 2.35586713 4.126078506
2 3.886865539 0.05533163641 3.911409972
2 5.485026847 3.987994234 1.829965779
2 0.7974418832 2.352171383 5.076211513
2 5.128872298 1.345708252 4.501997699
2 0.2604677796 3.234742541 0.04747070293
2 1.389916721 0.3205423867 4.608469004
2 2.949419871 3.012080029 1.416936278
2 3.945921005 4.950722284 3.171444994
2 3.222948924 1.092919809 5.251833531
2 1.089033363 4.89137463 4.029088018
2 4.409494694 2.94494753 3.99706367
2 0.2442399353 2.586169396 0.8825627332
2 1.980513602 4.84866373 3.549248975
2 3.527345988 1.212529911 3.699516763
2 2.791282942 2.504466691 0.3906070897
2 3.771990759 3.861060897 2.921525549
2 5.319354926 4.684261516 1.031879588
2 3.326911302 0.3245285767 3.058847212
2 4.970264504 1.200239264 0.4972533752
2 5.314732905 3.556386151 0.8612169477
2 1.176882338 3.032971423 3.43894978
2 3.211974983 0.4479334127 0.4532939851
2 5.421514366 4.142729438 5.45063242
2 1.718485116 0.9568732554 5.342517731
2 1.987953247 5.124592448 0.02898782781
2 2.452113573 4.757901518 1.90306608
2 0.1930695033 5.158558667 0.03584009287
2 1.79545063 3.068513291 1.602675312
2 4.177209879 0.6128941475 5.465412824
2 1.683826209 4.712132467 2.56910382
2 1.183639253 2.351136676 1.106741016
2 3.034406242 5.08802019 0.3293789898
2 2.386625221 0.3816120116 3.562349332
2 4.085642009 5.325603343 5.126168881
2 0.4781301697 1.345755783 3.61060076
2 0.3242098904 0.8484431363 0.3722946004
2 2.023312616 1.114217321 2.785731993
2 4.633493759 4.774623687 0.2414711252
2 4.231498842 2.010007151 3.72660244
2 1.296834822 3.316777879 0.6246987384
2 1.690610344 4.212217272 0.2310438095
2 3.99229009 1.230610497 0.8027987778
2 1.388476464 0.9670413654 3.733084324
2 2.392778576 4.566254192 0.8787726184
2 3.668055884 0.3622682332 1.450526418
2 4.462628541 2.701068019 2.111642391
2 5.13658377 1.68551495 3.256242325
2 2.243044013 0.9887146121 4.45897279
2 1.815431939 0.1136901605 1.764315113
2 0.2469952344 3.491184554 2.707003237
2 0.8539444461 1.823717369 0.3060219095
2 3.396108368 4.15316164 4.611932874
2 1.118503092 1.493832055 4.618826615
2 2.007399578 3.710196288 3.195111244
2 3.381759462 3.920177846 1.942714268
2 4.59509779 3.956859551 3.508763132
2 3.503591862 4.878501227 1.305526521
2 4.674410875 3.632185214 2.438301636
2 4.941526839 2.565190579 1.18492202
