216
Box 5.64622 5.64622 5.64622
2 0.421812 4.71968 3.73799
2 4.64843 5.58592 3.78301
2 2.41 1.38951 4.21416
2 5.3131 5.49121 2.46773
2 4.33144 2.45449 3.56352
2 3.36814 1.57037 1.29635
2 2.17436 1.72482 0.0799011
2 1.54161 4.87678 1.63225
2 4.54673 1.59617 1.12966
2 0.901937 1.39756 2.66872
2 3.71136 1.38275 0.106143
2 2.84396 3.33607 2.81882
2 5.56858 3.55692 0.10661
2 1.70974 0.283395 3.70902
2 1.39865 3.83009 3.57729
2 2.99053 3.36583 1.61706
2 4.49407 3.8377 3.7223
2 3.12166 4.20258 3.13317
2 4.32046 4.87078 1.0053
2 0.395847 3.89413 2.60501
2 3.20136 4.85753 0.994812
2 0.433419 2.19404 0.205836
2 3.28773 2.49795 0.648705
2 2.85592 1.20906 2.37596
2 4.63247 0.286072 1.83343
2 2.9422 4.05672 4.47177
2 4.7239 1.36753 4.17549
2 1.06519 2.63931 3.45246
2 1.65878 4.94346 4.76298
2 3.37239 0.616638 3.42034
2 2.6732 5.59937 5.03983
2 2.59223 0.414269 1.8817
2 0.116623 0.150706 1.01767
2 4.50611 3.54505 0.978118
2 2.67377 5.56368 3.56701
2 1.34706 0.603157 1.21612
2 0.187606 1.00855 2.03056
2 0.616714 0.0420306 5.37334
2 1.20508 3.66989 0.294796
2 2.23582 4.6925 0.196052
2 2.84705 2.29941 4.81136
2 1.00567 4.98757 0.3352
2 4.01345 0.42145 0.243996
1 3.77775 4.6952 1.65468
1 3.66634 3.04189 1.24222
1 4.29336 1.0938 1.80958
1 4.57636 3.97549 2.73314
1 0.00483736 1.5073 2.7161
1 0.215238 0.0898845 1.83419
1 1.5687 1.08511 4.14333
1 2.51443 2.52528 5.56397
1 3.03286 0.0745666 1.22461
1 2.89041 1.52127 5.23707
1 0.674065 3.77542 5.02787
1 3.96064 1.96136 0.71771
1 2.07205 3.97407 4.19075
1 3.68551 4.02676 5.05155
1 4.72328 4.15816 1.52414
1 4.75096 3.75496 0.0138573
1 5.36853 1.6678 0.491284
1 5.37228 3.30861 2.66531
1 0.855651 2.03414 0.951263
1 4.60018 3.9304 4.58312
1 1.74021 5.38977 5.51439
1 2.25824 4.85652 1.14377
1 2.85417 3.44632 3.6874
1 5.01656 1.02215 3.39349
1 3.05521 1.50144 3.23604
1 3.18249 3.1291 4.70881
1 3.72641 5.60477 2.25894
1 0.643165 1.34509 0.11409
1 0.596012 3.43254 3.38278
1 4.51775 0.128142 2.98925
1 1.14891 3.28156 4.21814
1 4.76327 2.29881 4.44062
1 2.32303 3.00161 2.20871
1 2.83588 5.06895 1.99816
1 5.13205 0.495259 4.24976
1 2.45484 1.08667 1.33101
1 2.56711 3.01782 0.881567
1 0.367348 5.28159 4.31921
1 0.976581 0.3934 0.387095
1 0.940625 5.28283 2.38876
1 0.985817 5.41853 3.46837
1 1.92069 0.0115003 2.94003
1 1.48853 1.4492 1.70939
1 4.97987 5.26135 1.41556
1 1.00632 0.671947 2.14518
1 2.42142 0.730398 3.52642
1 4.87384 2.38643 1.03612
1 5.08276 3.21476 3.86961
1 1.9447 3.70979 1.57516
1 2.78951 5.41834 0.208217
1 4.42 4.77129 3.43664
1 3.48244 0.916344 0.78226
1 0.820021 4.90054 5.14766
1 3.50065 2.46081 3.43116
1 5.32222 3.60609 0.87731
1 3.87646 3.67068 2.00603
1 0.932641 5.39064 1.21317
1 1.94067 0.141315 0.811998
1 2.01138 1.60058 3.34696
1 5.08858 4.93998 4.27715
1 5.53814 2.09681 5.09856
1 0.00482615 3.81594 1.84158
1 0.351093 0.695641 4.88708
1 4.24062 2.92442 0.40154
1 0.355989 0.476194 2.86945
1 1.81904 0.0337368 1.8939
1 3.99431 5.16403 4.29629
1 3.46915 1.76838 2.31944
1 2.51564 4.76808 4.93926
1 3.95234 4.18104 0.702767
1 0.0819627 4.03785 4.17503
1 2.2226 1.95504 2.14892
1 3.13209 4.42034 0.157919
1 3.30775 3.36268 0.194616
1 5.44161 5.38969 3.39308
1 0.999035 4.31316 2.05797
1 4.30712 0.204602 4.99299
1 1.35286 2.19226 2.75464
1 1.27333 0.110256 4.68548
1 5.29091 2.76527 0.210146
1 3.9076 0.989944 2.80812
1 3.67766 3.58572 3.04472
1 3.32213 0.559119 5.3471
1 5.31037 5.52618 5.14933
1 5.47797 4.42498 5.25019
1 0.645351 2.02677 1.97026
1 3.92753 1.35644 4.8498
1 1.59195 1.24911 0.687679
1 4.72393 3.16846 1.70911
1 3.56857 5.42696 3.38891
1 1.57234 3.2366 5.27153
1 5.4079 4.29431 3.25196
1 2.04412 1.81843 4.90328
1 2.69104 2.1383 3.99629
1 4.51894 2.03828 5.45583
1 2.05698 0.905486 2.39602
1 2.96612 1.70699 0.56668
1 3.21791 1.1441 4.1905
1 1.40593 2.79542 1.65459
1 4.15597 0.642244 4.07842
1 2.19046 2.89046 4.49791
1 0.0369885 4.74069 2.28759
1 0.925607 3.58447 1.18989
1 1.47325 3.54564 2.66155
1 1.05578 4.50224 4.25848
1 1.31253 4.4696 0.924472
1 2.88532 4.81194 3.96912
1 3.38038 0.843083 1.88043
1 2.8477 3.97222 2.18962
1 2.89797 0.339563 2.6982
1 0.689541 2.72918 5.03642
1 5.10454 0.689083 2.42606
1 1.58956 2.23254 4.08692
1 0.327426 2.59203 4.11537
1 3.45509 5.05017 5.14041
1 5.32858 2.38587 2.12836
1 0.869054 1.737 4.69093
1 5.56776 1.53121 4.22983
1 0.559572 3.0793 0.324715
1 2.18284 5.42811 4.27794
1 2.9993 2.3474 1.53986
1 4.00922 3.21692 3.95689
1 5.05232 1.13213 5.05751
1 0.92161 4.40695 3.10445
1 3.70913 2.31571 4.40205
1 0.566812 1.05478 1.22137
1 2.28712 3.98232 3.1104
1 4.62588 4.91962 2.34359
1 3.50369 2.32971 5.50116
1 2.57769 2.44851 2.97895
1 0.234838 4.62768 1.26636
1 2.72604 4.92693 3.00029
1 5.52343 0.652594 0.223432
1 0.19151 2.76843 1.28239
1 1.78857 3.06735 3.43968
1 4.05228 0.0541436 1.22801
1 5.35934 3.17818 4.86847
1 2.42449 0.780774 0.196157
1 1.6219 4.26777 5.26054
1 3.67437 4.62136 2.6498
1 0.498487 4.11035 0.393037
1 2.10644 2.06678 1.07151
1 4.78073 5.62164 0.391355
1 1.84514 4.71297 2.44552
1 1.31187 2.12527 5.61179
1 3.75897 5.23092 0.446458
1 3.16661 0.185593 4.27087
1 4.50903 4.80746 5.29114
1 0.826849 1.66305 3.57443
1 0.22239 5.20779 0.295815
1 1.84866 4.77397 3.62997
1 5.04692 4.62936 0.59472
1 4.07887 1.5771 3.65622
1 1.60554 2.92462 0.627332
1 2.52809 3.73258 5.21375
1 4.50019 1.10427 0.398092
1 1.29021 0.802609 3.11836
1 2.1219 3.9101 0.495426
1 5.07163 0.632091 1.1617
1 4.58297 1.67994 2.61329
1 5.02194 2.0677 3.44029
1 2.36982 0.712692 4.747
1 3.05085 4.03096 1.0994
1 0.621229 3.03799 2.26624
1 1.4555 0.967761 5.29376
1 4.2276 3.03282 5.03027
1 0.448114 0.664524 3.83855
1 3.65335 4.19852 4.05161
1 4.12723 2.24332 1.79331
1 4.37856 2.80628 2.71853
1 3.38495 2.86475 2.38916
1 0.35892 2.39625 3.07547
1 5.26815 1.52057 1.64711
