216
Box 5.64622 5.64622 5.64622
B 4.511621294 3.521139546 3.506834508
B 3.713672969 5.100208449 3.107506996
B 2.048849163 0.2928175944 4.066533718
B 0.03643712152 4.827038509 1.07456898
B 3.400458429 2.121583533 3.192586622
B 2.731737483 0.8154991024 0.1609529787
B 1.832027735 0.8635404661 0.2387193203
B 1.12367255 4.255653556 0.9667698934
B 4.232806593 1.808626712 1.819680321
B 0.8029749167 0.7380521278 1.779953117
B 3.030662168 1.705948688 3.951544481
B 2.592724992 2.551417751 2.30104674
B 4.773245188 3.329404422 4.901593356
B 0.6127538527 0.252246596 2.794533485
B 0.1014851462 3.389087538 2.844391679
B 2.947903737 2.922613749 1.037084061
B 4.34358853 3.175923308 1.794761566
B 2.323585016 4.39903352 3.350875568
B 3.389408824 3.975616168 5.274512532
B 5.47085388 3.111293861 1.4363309
B 2.190141666 4.832449821 5.544529377
B 4.699524407 1.807661645 4.155082134
B 2.28015511 2.308368066 5.158222177
B 1.971591601 0.8824013552 1.946982019
B 3.053905605 0.7193273701 2.353289405
B 1.807512487 3.534657629 3.550302952
B 3.811653687 0.4697128718 3.325408034
B 5.147874365 1.279347696 2.746721591
B 0.09442067597 4.55281555 3.540794375
B 2.897485057 1.016220879 4.601839657
B 1.467216738 4.825188987 4.245490381
B 1.768642066 5.448064874 0.8639159849
B 5.08216309 0.1599170651 0.2258536789
B 3.701606364 2.393391902 4.531997055
B 1.662293561 0.01895702443 2.436733992
B 0.1398676454 0.5483915022 0.7783008623
B 5.282458315 1.776451331 1.072100474
B 5.503973233 5.23975918 4.578844964
B 0.2660537058 3.578894003 0.3807054118
B 0.7521467856 4.057009794 4.434299194
B 1.929117411 2.268553205 3.868501907
B 0.5262660527 4.620804661 5.143398687
B 2.81656184 0.03903303871 5.201933685
A 3.203809885 4.739104915 0.2201098698
A 2.601573559 2.523171367 0.273923123
A 3.297568461 1.168076841 0.701483698
A 3.796734596 3.841451439 1.697272503
A 4.609102492 0.772141394 2.332314771
A 4.934944658 5.433253262 1.01368762
A 0.8785290665 0.8487877593 3.530046726
A 1.539720655 2.447825309 4.701869673
A 2.616609675 5.27944747 1.037513417
A 1.591475403 1.139743639 4.342483303
A 5.426851131 3.225154554 4.296332114
A 2.835486199 1.654602443 5.499852012
A 0.4482682419 3.658034723 3.667825019
A 2.919134284 3.75297002 4.624963448
A 4.019654468 4.1079049 0.6116419841
A 3.93503726 3.345135395 4.855799167
A 4.798106214 2.135033831 0.3240841129
A 4.651091612 2.447575097 2.292606641
A 4.483311554 1.499447616 1.095547781
A 3.6516985 3.589276864 3.863711804
A 0.6171686339 4.820971288 4.136170665
A 1.896757438 4.637140817 0.7033260032
A 2.07193808 2.794935454 3.025337865
A 4.600427127 5.533830045 3.131099717
A 2.302082246 1.117412412 2.726665156
A 2.297371406 2.977979175 4.254151092
A 3.152386041 0.3965493189 1.504954222
A 5.344958518 1.565508846 5.14207964
A 1.108330714 2.377130549 2.6892
A 3.89705627 4.703023385 2.207511019
A 0.3210121176 2.613146335 3.460133039
A 3.930101012 1.861952542 3.796978701
A 1.418106993 2.277253507 1.211994255
A 1.935764093 3.872117084 1.62106251
A 3.776734827 5.438607471 3.896436376
A 1.088553029 0.4903517326 0.7264561938
A 1.591768326 2.461630738 0.2004395374
A 5.080895855 4.862045925 3.876547169
A 0.5396213681 5.457440239 4.934441384
A 0.007203143348 4.658145828 1.955512274
A 0.1018875138 5.217771497 3.046530424
A 1.77921861 4.906044433 2.723803186
A 0.4063030951 1.278812745 1.142830114
A 4.235824576 5.066134566 0.2926994716
A 0.2706498209 0.08673668428 1.519915871
A 1.829736834 0.3420065575 3.224620076
A 3.774273638 2.373215812 0.1040720212
A 4.03734729 2.697370683 3.11877213
A 0.9548539412 3.198736595 1.156459134
A 1.990442652 5.310824324 4.805918783
A 3.414976629 4.075851159 2.87032462
A 2.19671906 5.613174115 0.1870805339
A 5.530435545 4.221629571 4.574521825
A 3.093672481 1.814338655 2.435568587
A 4.437955547 3.190147248 0.1043812238
A 2.902684773 4.01911827 0.8639915216
A 0.2489078587 5.48209995 0.4142183229
A 1.274368793 5.2003162 0.03201309859
A 1.25793222 0.8343309934 2.535066099
A 4.200006046 4.47373323 3.51305656
A 4.479573533 1.184656952 4.679603849
A 4.727568511 3.527439058 1.086938054
A 4.76778594 0.2364186374 4.144373643
A 3.017888367 2.704280695 4.942941787
A 5.222634587 5.613564164 2.235965308
A 0.9825561211 5.093975161 1.100553178
A 3.11185707 4.586368981 3.723391788
A 2.791677588 1.297659398 1.596399304
A 2.133196931 4.247942465 4.258965682
A 3.282345003 3.329586903 0.1739809983
A 5.074690738 2.997895495 3.195245131
A 1.437815481 1.291361754 1.483356362
A 1.486751871 4.380168526 5.05740838
A 2.055013584 3.253993057 5.275168624
A 4.850987164 4.713933657 2.639707663
A 0.0707666452 3.901192241 1.253561317
A 3.453805587 0.7436662539 5.251658968
A 0.6803600653 1.609997884 2.075255799
A 0.1769586608 0.1360564397 3.916076283
A 4.466509923 2.278549429 4.949678165
A 3.66674291 0.1612021156 2.543000667
A 2.81739923 3.368944086 1.759114278
A 2.290396138 0.6800833102 4.995873702
A 4.516756657 5.079252207 4.711548251
A 4.579597736 3.94377969 4.24825317
A 0.2668409041 2.40911291 1.4014634
A 3.578452079 0.7618545358 4.180951688
A 0.398084115 0.8869123973 0.004654130497
A 3.776619675 3.007004823 0.9806653897
A 2.770313076 4.85545907 2.819655314
A 0.5924213149 2.791314912 4.572008728
A 4.262411003 3.516452234 2.598814276
A 0.7319828809 1.807622812 4.037221719
A 1.519879674 1.684148398 3.338323201
A 3.502576508 1.625468868 4.702590863
A 1.519535954 0.2166208097 1.635413858
A 1.763385498 1.526902898 5.332111906
A 2.476245476 0.9866570275 3.836178963
A 0.1758720288 1.973802352 0.4060230522
A 2.939328481 0.1353234807 3.259075639
A 1.282405136 2.816530715 3.730199841
A 4.690795831 4.460407297 1.621483447
A 5.450040828 2.921468863 0.5995436568
A 1.714547194 2.949661699 1.992389045
A 5.179841275 3.97924731 3.266058992
A 0.5164799283 4.463009283 0.3690904774
A 1.439422025 4.351578976 3.531993018
A 2.22475418 0.643646646 0.9582879455
A 2.118215027 3.175007643 0.8973463593
A 2.456586566 0.04599889706 2.169365206
A 5.412958056 2.174103178 4.326163615
A 4.237180751 5.611098579 1.723048049
A 0.2543452705 1.543253065 3.043718463
A 4.915942418 1.975354378 3.306112655
A 2.850309892 0.05595554219 4.391469824
A 5.139881911 1.679802684 1.920303209
A 5.332960119 1.180869344 3.993205072
A 4.395636445 1.023988214 3.500153282
A 5.353711124 2.747824475 5.21245994
A 1.036725939 5.341860653 3.246810291
A 2.22011845 1.67110028 0.6913148356
A 3.104166592 2.963543435 2.806818381
A 4.417709431 0.353537377 5.3018196
A 5.174201996 3.502543636 2.16551565
A 2.49044512 1.916469603 3.293356562
A 5.10633327 0.9760758335 0.3146204845
A 2.113617577 3.919147166 2.690485617
A 3.744126848 4.912460397 1.192787957
A 2.440594471 1.842287591 4.45445867
A 1.903316503 1.897902164 2.238171332
A 5.086161756 4.409810964 0.5553517044
A 1.842807609 4.881968634 1.667341717
A 5.353004946 0.3968523301 5.018440229
A 4.762340341 2.499877025 1.276160284
A 1.200768918 3.438509404 2.924041749
A 3.263677826 0.1774519622 0.4720715997
A 4.465112405 2.746702417 4.091286133
A 1.322128524 0.4699191417 5.297106572
A 0.665595628 3.713201123 5.181880308
A 2.779180276 4.527290423 1.758874425
A 5.335401793 3.721512208 5.437242278
A 1.158231212 1.536678799 0.4919733141
A 3.633736391 5.379438135 5.07445598
A 0.9812421706 4.226562899 1.827850272
A 0.6857591777 1.880285141 5.177673265
A 2.853019977 4.772169509 4.885467591
A 2.152403099 5.181284935 3.649090694
A 3.748416094 4.444513292 4.508712767
A 0.05138546423 0.847214204 2.209285107
A 5.370858544 4.894560938 5.306560049
A 0.5818676539 4.246958085 2.794347761
A 4.420475257 4.212459128 5.236085035
A 3.342438413 1.192417872 3.251867782
A 0.6551314143 2.835351665 0.12560288
A 1.400279036 3.537538704 4.475269636
A 4.111100945 1.466382466 5.611112256
A 0.8344763188 5.163405989 2.215121102
A 1.455634177 3.751368689 0.3654424221
A 4.175604581 0.5077077896 0.8462766578
A 3.782913401 1.157137219 1.818997339
A 4.133388743 1.637738019 2.676508821
A 1.246512193 0.1342696511 4.196045694
A 2.486922664 4.057970939 5.589111753
A 0.6283426155 3.189952277 2.155532548
A 0.4842129075 0.901388479 4.5699794
A 3.201973176 2.573988406 3.894802385
A 5.354088905 0.5662733152 3.141876928
A 2.678652669 3.669856532 3.546477143
A 3.505279277 2.04729649 1.196715437
A 3.667520589 2.604464086 2.028221231
A 2.455141575 2.316126951 1.423622876
A 0.01002945688 2.401314481 2.466315921
A 5.082037846 0.7556432244 1.36215235
