216
Box 5.64622 5.64622 5.64622
B 0.4218122491 4.719677741 3.737989339
B 4.648431458 5.585915334 3.783010714
B 2.410002062 1.389512299 4.214157818
B 5.313100632 5.491213753 2.467728737
B 4.33143559 2.454490715 3.563521608
B 3.368136307 1.570371215 1.296354706
B 2.174364937 1.724815018 0.07990114355
B 1.541606817 4.876779613 1.632246072
B 4.546734577 1.596174159 1.129662196
B 0.9019372258 1.397556437 2.668719503
B 3.711359316 1.382750064 0.1061430788
B 2.843964638 3.336074023 2.818817441
B 5.568582114 3.55691982 0.1066100646
B 1.709739122 0.2833951946 3.7090214
B 1.398649502 3.830090276 3.577290786
B 2.990531406 3.365832651 1.617060522
B 4.494065225 3.837702787 3.722297877
B 3.121657471 4.202578605 3.133172655
B 4.320455138 4.870777543 1.005301955
B 0.3958472424 3.894132492 2.605008727
B 3.201364688 4.857528449 0.9948123873
B 0.4334190455 2.194042145 0.2058358931
B 3.28773468 2.497951975 0.6487050969
B 2.855921159 1.209064594 2.375957498
B 4.632472104 0.2860721804 1.833425355
B 2.942201744 4.05672115 4.471774857
B 4.723898469 1.367532251 4.175490492
B 1.065191008 2.639311169 3.45245868
B 1.658780231 4.94346363 4.762975308
B 3.372394352 0.6166384674 3.420344454
B 2.673200821 5.599366087 5.039825141
B 2.592228228 0.414269337 1.881703516
B 0.1166232206 0.1507061298 1.017665906
B 4.506113526 3.545048512 0.9781182056
B 2.673770848 5.563679449 3.567005249
B 1.347058403 0.6031566495 1.216117826
B 0.1876057359 1.008554519 2.030562412
B 0.6167137066 0.04203055898 5.373341297
B 1.20508454 3.669886691 0.2947955919
B 2.235816439 4.692495493 0.1960524376
B 2.847046314 2.299405997 4.811360752
B 1.005671472 4.987570777 0.3351996526
B 4.013454963 0.4214503873 0.2439957613
A 3.777746711 4.695196695 1.654679978
A 3.666339371 3.04189383 1.242219281
A 4.293363426 1.093804697 1.809582732
A 4.576358219 3.975492963 2.733138924
A 0.004837357262 1.50729841 2.716103956
A 0.2152376041 0.08988448996 1.834193639
A 1.56869605 1.085106754 4.143332009
A 2.514426296 2.525284827 5.563969072
A 3.032855373 0.07456662678 1.224608207
A 2.890409291 1.521268878 5.237068201
A 0.6740654434 3.77542121 5.02787356
A 3.960642803 1.961359399 0.7177100175
A 2.072050978 3.974065127 4.190748789
A 3.68550984 4.026762288 5.051545166
A 4.723280959 4.158164465 1.524138095
A 4.750959795 3.754964893 0.01385726264
A 5.36853121 1.667797982 0.4912843913
A 5.372282854 3.308607579 2.665313807
A 0.8556513927 2.034144817 0.9512629824
A 4.600180761 3.930403746 4.583119391
A 1.740210764 5.389768715 5.514385101
A 2.258238932 4.856516107 1.143768448
A 2.854174743 3.446322509 3.687397671
A 5.016559373 1.022152955 3.393489556
A 3.05520798 1.501437489 3.236040422
A 3.182487806 3.129098036 4.708808396
A 3.726406518 5.604770502 2.258941888
A 0.6431652345 1.345089864 0.1140896997
A 0.5960117565 3.432541618 3.382776542
A 4.517754282 0.1281416374 2.989248054
A 1.14890934 3.281555817 4.21813506
A 4.76326797 2.298808837 4.440618412
A 2.323034974 3.001606271 2.208710599
A 2.835876966 5.068950391 1.998163161
A 5.132045306 0.4952585073 4.24976187
A 2.454840687 1.086674973 1.331008239
A 2.567109341 3.017820496 0.8815673748
A 0.3673479425 5.281587947 4.319208605
A 0.9765811045 0.3934002244 0.3870954788
A 0.9406252244 5.282828008 2.388757969
A 0.9858168875 5.418534386 3.468368663
A 1.920692502 0.01150030709 2.940033122
A 1.488528993 1.449204046 1.709386205
A 4.979871425 5.261346259 1.415560184
A 1.006318613 0.67194674 2.145175867
A 2.421418189 0.7303984121 3.52642344
A 4.873840098 2.386432451 1.036117284
A 5.082763941 3.214759328 3.869608279
A 1.944698131 3.709786683 1.575159977
A 2.789508977 5.418341938 0.2082167171
A 4.420004039 4.771285591 3.436642614
A 3.482442254 0.9163439778 0.7822597308
A 0.8200208127 4.900535581 5.147658745
A 3.500648536 2.460807135 3.431157775
A 5.322219018 3.60609138 0.877309651
A 3.876460688 3.670676666 2.006033914
A 0.9326413453 5.390637995 1.213171839
A 1.940673748 0.1413146288 0.8119975245
A 2.011378192 1.600583869 3.346959914
A 5.088580239 4.939977308 4.277150173
A 5.538139156 2.096813743 5.098564226
A 0.004826153377 3.815935203 1.841582826
A 0.3510928948 0.6956405582 4.887081008
A 4.240618209 2.924421403 0.4015403568
A 0.355989112 0.4761936674 2.869448157
A 1.819040098 0.03373680455 1.89389651
A 3.994309493 5.164031445 4.296286299
A 3.469149527 1.768375359 2.319440564
A 2.515639974 4.768075768 4.939260449
A 3.952342719 4.181037429 0.7027671061
A 0.08196274242 4.037853849 4.175029436
A 2.222599433 1.955041514 2.148921117
A 3.132092537 4.420339094 0.1579187356
A 3.307748099 3.362683823 0.1946162852
A 5.441614635 5.389685043 3.393077863
A 0.9990353549 4.313163711 2.057971095
A 4.307120346 0.2046016499 4.992994671
A 1.352864524 2.192260009 2.754644292
A 1.273333652 0.1102558443 4.685475701
A 5.290909693 2.765269653 0.2101455186
A 3.907596649 0.989944028 2.808116055
A 3.677660846 3.585716006 3.044715597
A 3.322125733 0.5591189021 5.34709701
A 5.310369266 5.526175388 5.149328742
A 5.477966358 4.424984072 5.250186335
A 0.6453509149 2.026770356 1.970260599
A 3.927532503 1.356444231 4.849802266
A 1.591953485 1.249111666 0.6876787459
A 4.723925065 3.168457104 1.709106631
A 3.56857402 5.42695722 3.388914331
A 1.572337155 3.236599593 5.271533464
A 5.407896703 4.294309873 3.25195537
A 2.044115393 1.818431764 4.90328143
A 2.691037789 2.13829596 3.996291933
A 4.518939516 2.038282181 5.455825607
A 2.056983981 0.9054862095 2.396015701
A 2.966121286 1.706987436 0.5666803505
A 3.217910118 1.144100614 4.190501791
A 1.405932237 2.795415297 1.654589714
A 4.155970787 0.642244375 4.07842068
A 2.190459766 2.890462276 4.497914707
A 0.03698854795 4.74068731 2.287593088
A 0.9256071838 3.584465859 1.189894057
A 1.473254632 3.545643689 2.661548386
A 1.0557801 4.502243237 4.258479812
A 1.312529597 4.46959912 0.9244716008
A 2.88532318 4.811936996 3.969116084
A 3.380379796 0.8430827255 1.880425651
A 2.847696635 3.972216691 2.18961873
A 2.897967757 0.3395628231 2.698196444
A 0.6895413702 2.729176087 5.036418635
A 5.104541043 0.68908297 2.426063222
A 1.589556172 2.232539873 4.086919175
A 0.3274255735 2.592026563 4.115368282
A 3.455090527 5.050170353 5.140410431
A 5.328583412 2.385866124 2.12835972
A 0.8690544178 1.73700059 4.69092535
A 5.567761602 1.531213168 4.229831003
A 0.5595725 3.07930294 0.3247149588
A 2.182836877 5.428112284 4.277943569
A 2.999298345 2.34740472 1.539858755
A 4.009221248 3.216922987 3.956887783
A 5.052324696 1.132127006 5.057513052
A 0.9216099345 4.406948894 3.104449607
A 3.709127785 2.315714489 4.402049664
A 0.566811609 1.054775588 1.221371592
A 2.287120476 3.982324409 3.110397727
A 4.625878938 4.919621152 2.343592073
A 3.503692448 2.329706335 5.50115854
A 2.577687347 2.448514464 2.978953539
A 0.2348378152 4.627679178 1.266358937
A 2.726037524 4.926934003 3.000285929
A 5.523425353 0.6525940613 0.2234322856
A 0.1915096922 2.768432169 1.28239069
A 1.788573344 3.067349503 3.439678155
A 4.052282389 0.05414357358 1.228014593
A 5.359336937 3.178176047 4.868472568
A 2.424485347 0.7807744608 0.1961568198
A 1.62189686 4.267772361 5.260539618
A 3.674372416 4.621363782 2.649796683
A 0.4984867879 4.110350318 0.3930372288
A 2.106439122 2.066778142 1.071506857
A 4.780725295 5.621644548 0.391354984
A 1.84513737 4.712968432 2.445522669
A 1.311870033 2.125268433 5.611792588
A 3.758967438 5.230919276 0.4464579404
A 3.166614486 0.185592807 4.270872323
A 4.509025551 4.807456263 5.291144856
A 0.8268490229 1.663050781 3.5744279
A 0.2223902752 5.207789685 0.2958145582
A 1.848656928 4.773966817 3.629969566
A 5.046917636 4.629357145 0.5947203581
A 4.078868762 1.57710309 3.656221859
A 1.605538358 2.924618147 0.6273320498
A 2.528094549 3.732584728 5.213746081
A 4.500191086 1.10427341 0.3980920876
A 1.290208189 0.8026089409 3.118358424
A 2.121901738 3.910096006 0.495426453
A 5.071631511 0.6320914066 1.161697354
A 4.582968319 1.679942861 2.613289754
A 5.021936978 2.067699577 3.440294836
A 2.369816691 0.7126923976 4.74700164
A 3.05085276 4.030955796 1.099401479
A 0.6212293908 3.037986469 2.266235711
A 1.455502645 0.9677610496 5.293758044
A 4.227596969 3.032817203 5.030273601
A 0.4481139478 0.6645238476 3.838550426
A 3.653349457 4.198523472 4.051609695
A 4.127234187 2.243321755 1.793306841
A 4.378557775 2.806278232 2.718532614
A 3.384953491 2.864753457 2.389164087
A 0.3589195038 2.396245709 3.075471033
A 5.268148691 1.520567669 1.647107503
