216
Box 5.64622 5.64622 5.64622
B 4.635313052 3.808490635 3.416519435
B 3.66073 5.28775 3.11831
B 2.31756 0.515793 4.21412
B 0.26474 4.91346 0.960552
B 3.55266 2.37335 3.03154
B 2.90394 0.823152 0.183201
B 1.95274 0.874555 0.359988
B 1.38492 4.24148 0.951816
B 4.37383 2.18899 1.78536
B 0.839269 0.932701 1.8435
B 3.38446 1.78603 3.87814
B 2.63981 2.70913 2.17078
B 4.88088 3.34767 4.89116
B 0.446739 0.240659 2.64181
B 0.634627 3.30409 2.69079
B 3.223314783 3.155992747 0.8378474214
B 4.65540041 3.598118156 1.823467595
B 2.53249 4.66504 3.32172
B 3.6225 4.13895 5.22619
B 5.56236 3.05463 1.68684
B 2.25274 4.12264 4.97105
B 5.0166 1.89707 4.04129
B 2.453087224 2.378368494 5.255395124
B 1.77646 1.10563 2.15076
B 3.220636907 0.9722779192 2.29310558
B 1.6828 3.69192 3.45893
B 4.13759 0.481236 3.39462
B 5.263 1.59587 2.937
B 1.39017 4.81138 2.63344
B 3.16099 1.34374 4.61562
B 1.514919736 5.169465281 4.09708291
B 1.978394225 5.552554423 1.019731908
B 5.46318 0.311033 0.0313332
B 3.96028 2.72112 4.45805
B 2.50646 0.324086 2.93935
B 0.09081461083 0.714051029 0.8179265239
B 5.44222 1.69105 0.931948
B 5.56242 5.35456 4.6362
B 0.764462 3.72697 0.293952
B 0.81106 4.01139 4.30243
B 2.05129 2.02323 3.92145
B 0.643066 4.87749 5.05383
B 2.08298 4.77545 5.54249
A 3.495 4.77129 0.154831
A 2.9496 2.60347 0.253021
A 3.5295 1.24139 0.675734
A 3.765584685 3.904906482 1.786171892
A 4.694232919 0.9592041574 2.49613256
A 5.22938 5.60797 0.877853
A 0.781958 0.978898 3.49283
A 1.77516 2.47684 4.75177
A 2.7898 5.28919 1.18021
A 1.8269 1.32088 4.30125
A 0.00245939 3.49265 4.29222
A 3.09031 1.67816 5.43171
A 0.774467 3.68048 3.50559
A 3.043990692 3.814594208 4.54267246
A 4.20616 4.10633 0.7423
A 4.05258 3.48593 4.79069
A 5.020827635 2.213900745 0.2402888923
A 4.86198 2.84866 2.12647
A 4.53417 1.67733 0.964723
A 3.80416963 3.77152814 3.760853886
A 0.707086 4.86212 4.12257
A 2.118644229 4.688381918 0.7124936697
A 2.14063 2.90001 3.0132
A 4.672813049 5.52399474 3.029122717
A 2.558813825 1.204996717 2.756059558
A 2.36601 2.98681 4.07382
A 3.5027 0.523163 1.50106
A 5.54482 1.63738 5.08055
A 1.149735053 2.659846599 2.69777863
A 4.03149 4.93069 2.40025
A 0.396359 2.76818 3.51091
A 4.20021 2.18364 3.798
A 1.21844 2.27415 1.25135
A 2.21755 4.04779 1.55572
A 3.92952 5.49897 4.00944
A 1.346782618 0.5549855834 0.8275706593
A 1.82312352 2.448313188 0.3723762447
A 5.00995 5.07508 3.94019
A 0.692857 0.0424469 4.96088
A 0.105327 4.82578 1.783
A 0.102689 5.28835 3.25942
A 1.83178 5.50532 2.74811
A 0.602615 1.29295 1.14767
A 4.45784 5.27931 0.332158
A 0.446478 0.230899 1.45592
A 1.92085 0.680971 3.39992
A 3.92643 2.46516 0.0100173
A 4.21166 2.97104 3.07892
A 1.38274 3.27962 0.963827
A 2.04245 5.39831 4.77766
A 3.327968846 4.136071661 2.796284052
A 2.55998 5.5397 0.107641
A 5.525724919 4.450145453 4.640890534
A 3.170675439 2.003042215 2.376254308
A 4.69334 3.23659 0.0677075
A 3.1082 4.11349 0.969627
A 0.498692 5.6041 0.469032
A 1.520826068 5.407680413 0.002287061356
A 1.167672474 0.6387965398 2.587553994
A 4.29745 4.61425 3.37837
A 4.597652379 1.335787697 4.533997915
A 5.19344 3.62943 1.04868
A 4.82024 0.431792 3.98443
A 3.18496 2.87717 4.89345
A 5.357904567 0.04986765835 2.208321466
A 1.05048 5.09059 1.20616
A 3.17912 4.87442 3.7968
A 2.80953 1.34315 1.55693
A 2.20829 4.53714 4.20186
A 3.49968 3.47883 0.102676
A 5.256886816 3.367336556 2.991057742
A 1.79569 1.48831 1.39248
A 1.46114 4.52146 4.94318
A 2.216611412 3.22865522 5.222143791
A 5.16005 4.53294 2.67936
A 0.519588 4.04159 1.11867
A 3.54721 0.791606 5.17496
A 1.08405 1.62663 2.21123
A 0.3051 0.207512 4.06966
A 4.66456 2.30614 4.8644
A 3.80484 0.358965 2.54375
A 2.90342 3.32001 1.72394
A 2.54888901 0.7697158178 5.049406939
A 4.69507 5.19156 4.86859
A 4.7371 4.08429 4.205
A 0.278215 2.17354 1.52763
A 3.793964553 0.8799444833 4.118669334
A 0.466354 0.898853 0.0903611
A 4.14983 3.15285 1.00052
A 2.95426 5.25137 2.69456
A 0.85049 2.95164 4.55573
A 4.3686 3.83489 2.58226
A 0.98523 1.93189 3.99582
A 1.753692098 1.769497479 3.200307734
A 3.76515 1.89808 4.67781
A 1.74331 0.386961 1.74295
A 2.00316 1.6169 5.31338
A 2.73503 1.17808 3.88203
A 0.400556 2.03725 0.370635
A 3.21576 0.31979 3.38782
A 1.4059 2.79468 3.68523
A 4.687528579 4.547698556 1.725659151
A 0.345411 3.02735 0.743784
A 1.8628 3.03454 1.94198
A 5.5751 4.29254 3.57622
A 0.757828 4.59999 0.203965
A 1.45951 4.57017 3.39128
A 2.48969 0.619908 0.98287
A 2.40694 3.37556 0.780768
A 2.66326 0.406344 2.08942
A 0.000238077 2.4089 4.3563
A 4.44604 0.0622182 1.71003
A 0.401968 1.83843 3.08239
A 5.06332 2.35034 3.28937
A 3.02487 0.0876551 4.36593
A 5.08464 1.82901 2.04762
A 5.61344644 1.314403354 3.899277539
A 4.61492 1.32265 3.50872
A 0.09047189505 2.905553157 5.358374036
A 1.0702 5.5404 3.29756
A 2.45108 1.64181 0.609579
A 3.10039 3.09037 2.78086
A 4.52686 0.447117 5.29452
A 0.004609858155 3.78689623 2.079485549
A 2.810683041 2.155131963 3.291581176
A 5.10503 1.07201 0.280133
A 2.16985 4.41746 2.63417
A 3.79647 5.0438 1.21746
A 2.74272 2.06597 4.48465
A 2.16532 1.99061 2.17874
A 5.11917 4.57936 0.765953
A 1.96254 5.02424 1.82215
A 5.43546 0.618931 4.89459
A 5.000391937 2.632990327 1.111393787
A 1.43597 3.66303 2.64165
A 3.49594 0.207744 0.390343
A 4.67914 3.10843 4.04668
A 1.499057515 0.7154266422 5.341605338
A 0.71294 3.83005 5.06093
A 3.00238 4.645 1.90371
A 5.49218 3.89279 0.0568324
A 1.33105 1.502 0.445413
A 3.74209 5.47851 4.97526
A 1.1878 4.24395 1.85285
A 0.933151 1.99458 5.13134
A 2.89165 4.82696 4.94923
A 2.24851 5.44995 3.70277
A 3.85526 4.57001 4.53186
A 0.126806 1.04014 2.31309
A 5.52371 5.06895 5.46348
A 0.597965 4.39505 2.77512
A 4.57521 4.23924 5.34219
A 3.58883 1.29576 3.12298
A 1.09786 2.97458 5.58241
A 1.61593 3.58323 4.40887
A 4.202708514 1.514763587 5.552608433
A 0.953522 5.36414 2.1516
A 1.61184 3.90259 0.14198
A 4.34298 0.586331 0.866555
A 3.98533 1.37286 1.87173
A 4.18139 1.99485 2.65748
A 1.417120717 0.3516939477 4.246143796
A 2.71601 4.12877 0.0626973
A 0.783775 3.142 1.82162
A 0.704729 1.1153 4.58086
A 3.40663 2.84117 3.81578
A 5.43389 0.583258 3.20347
A 2.5775 3.79697 3.54251
A 3.59718384 2.087268618 1.208264348
A 3.766805282 2.882275745 2.008709488
A 2.5008 2.49726 1.32673
A 0.124778 2.58005 2.47414
A 5.122630895 1.003010654 1.466480073
